proj:       1
zone:       -19
north:      6287000
south:      6280000
east:       400000
west:       392000
cols:       640
rows:       560
e-w resol:  12.5
n-s resol:  12.5
top:        1.000000000000000
bottom:     0.000000000000000
cols3:      640
rows3:      560
depths:     1
e-w resol3: 12.5
n-s resol3: 12.5
t-b resol:  1
